2d
39
38
37
36
35
34
32
30
32
34
35
30
2f
33
34
2e
2d
31
32
2c
2d
2f
28
2d
2f
31
32
2f
31
33
34
40
3f
3e
3d
3c
3b
39
37
39
3b
3c
37
36
3a
3b
35
34
38
39
33
34
36
2f
34
36
38
39
2d
39
38
40
37
36
34
36
32
34
36
37
2b
37
36
3e
35
34
35
37
39
34
33
36
37
32
31
34
35
30
2f
30
32
2b
37
36
35
34
33
32
30
2f
2d
2f
37
36
3e
35
34
32
31
39
38
40
37
36
37
39
3a
35
34
38
39
33
32
36
37
31
32
34
2d
32
34
36
37
34
36
38
39
2d
39
38
37
36
35
34
32
30
2f
30
34
33
3b
32
31
2f
31
2d
2f
31
32
26
32
31
39
30
2f
2d
2f
2b
2d
2f
30
2f
2d
35
37
35
37
35
37
35
37
35
37
35
37
35
34
40
3e
3c
3b
39
38
36
34
28
2d
39
38
37
36
35
34
32
30
32
34
35
30
2f
33
34
2e
2d
31
32
2c
2d
2f
28
2d
2f
31
32
2f
31
33
34
40
3f
3e
3d
3c
3b
39
37
39
3b
3c
37
36
3a
3b
35
34
38
39
33
34
36
2f
34
36
38
39
2d
39
38
40
37
36
34
36
32
34
36
37
2b
37
36
3e
35
34
35
37
39
34
33
36
37
32
31
34
35
30
2f
30
32
2b
37
36
35
34
33
32
30
2f
2d
2f
37
36
3e
35
34
32
31
39
38
40
37
36
37
39
3a
35
34
38
39
33
32
36
37
31
32
34
2d
32
34
36
37
34
36
38
39
2d
39
38
37
36
35
34
32
30
2f
30
34
33
3b
32
31
2f
31
2d
2f
31
32
26
32
31
39
30
2f
2d
2f
2b
2d
2f
30
2f
2d
35
37
35
37
35
37
35
37
35
37
35
37
35
34
40
3e
3c
3b
39
38
36
34
28
3c
3b
39
38
3d
3e
3a
39
3f
40
3c
3b
41
40
3e
45
39
3a
3b
3c
3d
3e
40
41
3e
3c
3b
39
3c
3b
39
37
3b
3c
3e
40
3a
39
3e
3d
37
43
41
40
3e
44
45
3c
3b
41
40
3e
3c
3b
39
38
39
35
34
3a
3b
37
36
3c
3b
39
40
34
35
36
37
38
39
3b
3c
39
37
35
34
35
37
39
3a
35
34
39
37
32
31
37
35
34
32
34
36
37
39
33
32
37
36
30
2f
34
33
32
31
30
2f
2d
30
2f
2d
2c
31
32
2e
2d
33
34
30
2f
35
34
32
30
34
36
38
39
2d
2f
31
32
26
28
34
33
32
31
30
2f
2f
2d
2d
2c
2c
28
28
2d
32
34
36
37
33
32
38
39
35
34
3a
39
37
35
34
35
37
39
38
37
36
35
34
32
30
2f
30
2d
34
28
2d
2f
30
32
34
36
38
39
2d
3c
3b
39
38
3d
3e
3a
39
3f
40
3c
3b
41
40
3e
45
39
3a
3b
3c
3d
3e
40
41
3e
3c
3b
39
3c
3b
39
37
3b
3c
3e
40
3a
39
3e
3d
37
43
41
40
3e
44
45
3c
3b
41
40
3e
3c
3b
39
38
39
35
34
3a
3b
37
36
3c
3b
39
40
34
35
36
37
38
39
3b
3c
39
37
35
34
35
37
39
3a
35
34
39
37
32
31
37
35
34
32
34
36
37
39
33
32
37
36
30
2f
34
33
32
31
30
2f
2d
30
2f
2d
2c
31
32
2e
2d
33
34
30
2f
35
34
32
30
34
36
38
39
2d
2f
31
32
26
28
34
33
32
31
30
2f
2f
2d
2d
2c
2c
28
28
2d
32
34
36
37
33
32
38
39
35
34
3a
39
37
35
34
35
37
39
38
37
36
35
34
32
30
2f
30
2d
34
28
2d
2f
30
32
34
36
38
39
2d
40
3c
41
38
3e
3b
40
3c
39
36
3f
34
40
3e
3c
3b
39
3c
3b
39
37
36
37
39
37
36
34
33
34
36
34
33
31
2f
31
33
33
34
33
34
33
34
33
31
33
34
34
35
37
39
37
35
34
32
32
34
35
37
35
34
32
30
32
34
35
34
32
34
35
35
2f
32
2c
2f
34
2d
36
37
34
35
37
39
37
35
32
37
35
34
39
2f
35
32
37
34
34
36
36
37
36
37
36
37
36
34
36
37
34
39
32
2f
34
30
2d
2a
33
28
3c
36
39
33
36
3b
34
28
29
2b
2d
2b
29
28
26
39
35
3e
38
34
39
39
3b
3c
3e
3c
3b
39
38
39
38
36
34
32
30
2f
2d
39
37
35
34
32
35
34
32
30
2f
30
32
30
2f
2d
2c
2d
2f
2d
2c
2a
28
2a
2c
2c
2d
2c
2d
2c
2d
2c
2a
2c
2d
2f
30
31
32
31
32
31
32
31
2f
31
32
34
35
36
37
36
37
36
37
36
34
36
37
39
3b
3b
3c
3b
3c
3b
3c
3b
39
3b
3c
3e
40
40
41
40
41
40
41
40
3e
40
41
43
45
45
46
45
46
45
46
45
43
45
46
3a
3c
3e
3c
3a
39
37
35
37
39
3a
39
37
35
34
35
37
35
34
32
31
32
34
32
31
2f
2d
2f
31
31
32
31
32
31
32
31
2f
31
32
34
35
34
32
30
2f
30
32
30
2f
2d
2b
2d
2f
2f
30
2f
30
2f
30
2f
2d
2f
30
3c
3e
40
41
40
3e
3c
3b
2f
30
32
34
32
30
2f
2d
2f
30
32
34
36
38
39
38
36
34
32
30
35
2c
32
2f
34
30
2d
28
2b
29
28
26
28
29
28
29
28
29
28
29
28
26
28
21
