2b
37
2b
37
2b
37
2b
37
2d
39
2b
37
2a
36
2b
37
26
32
27
33
26
32
24
30
26
32
22
2e
21
2d
22
2e
1f
2b
21
2d
1f
2b
1d
29
29
35
29
35
29
35
2e
3a
2b
37
2e
3a
2c
38
2b
37
29
35
2c
38
2b
37
29
35
26
32
29
35
27
33
26
32
24
30
27
33
26
32
24
30
28
34
2b
37
29
35
28
34
26
32
29
35
28
34
26
32
23
2f
26
32
24
30
23
2f
21
2d
24
30
23
2f
21
2d
32
3e
30
3c
2f
3b
30
3c
2b
37
2c
38
2b
37
29
35
2b
37
27
33
26
32
27
33
24
30
26
32
24
30
22
2e
26
32
26
32
26
32
26
32
24
30
27
33
25
31
24
30
22
2e
25
31
24
30
22
2e
21
2d
1d
29
1f
2b
21
2d
22
2e
24
30
25
31
27
33
24
30
24
30
24
30
24
30
24
30
27
33
25
31
24
30
22
2e
25
31
24
30
22
2e
21
2d
1d
29
1f
2b
21
2d
22
2e
24
30
25
31
27
33
24
30
24
30
24
30
24
30
1f
2b
1f
2b
1f
2b
1f
2b
1d
29
20
2c
1e
2a
1b
27
1e
2a
1d
29
1a
26
16
22
18
24
1b
27
1d
29
1e
2a
18
24
1b
27
19
25
16
22
19
25
18
24
15
21
11
1d
13
1f
16
22
18
24
1b
27
2b
37
2b
37
2b
37
2b
37
2d
39
2b
37
2b
37
26
32
27
33
24
30
26
32
22
2e
22
2e
1f
2b
21
2d
1d
29
29
35
29
35
29
35
2e
3a
2b
37
2e
3a
2c
38
2b
37
29
35
2c
38
2b
37
29
35
26
32
29
35
27
33
26
32
24
30
27
33
26
32
24
30
28
34
2b
37
29
35
28
34
26
32
29
35
28
34
26
32
23
2f
26
32
24
30
23
2f
21
2d
24
30
23
2f
21
2d
32
3e
30
3c
2f
3b
30
3c
2b
37
2c
38
2b
37
29
35
2b
37
27
33
26
32
27
33
24
30
26
32
24
30
22
2e
26
32
26
32
26
32
26
32
24
30
27
33
25
31
24
30
22
2e
25
31
24
30
22
2e
21
2d
1d
29
1f
2b
21
2d
22
2e
24
30
25
31
27
33
24
30
24
30
24
30
24
30
24
30
27
33
25
31
24
30
22
2e
25
31
24
30
22
2e
21
2d
1d
29
1f
2b
21
2d
22
2e
24
30
25
31
27
33
24
30
24
30
24
30
24
30
1f
2b
1f
2b
1f
2b
1f
2b
1d
29
20
2c
1e
2a
1b
27
1e
2a
1d
29
1a
26
16
22
18
24
1b
27
1d
29
1e
2a
18
24
1b
27
19
25
16
22
19
25
18
24
15
21
11
1d
13
1f
16
22
18
24
1b
27
2b
37
2b
37
2b
37
2b
37
2d
39
2b
37
2b
37
26
32
27
33
24
30
26
32
22
2e
22
2e
1f
2b
21
2d
1d
29
29
35
29
35
29
35
2e
3a
29
35
29
35
29
35
2e
3a
29
35
29
35
29
35
2e
3a
29
35
29
35
29
35
2e
3a
29
35
29
35
29
35
2e
3a
29
35
